   1.69989815259386      -1.212308158765753E-003  1.439736678905144E-005
  1.003304381034083E-004  5.706002498527645E-005  7.759203340672784E-008
 -6.621402483016251E-007 -3.403087208724438E-007  1.172365344657027E-006
 -5.242161464697011E-008 -7.450427900903366E-008 -4.644933781045950E-008
 -6.200789083272108E-011  1.050120528635181E-010  6.158864491905860E-011
  0.447204789327569      -1.772155589095071E-004  3.007651872860155E-005
  7.169006924240056E-004 -1.116873735538265E-007 -1.016879267740887E-007
  0.447159195342040       7.404272597642158E-005 -1.378459722105763E-007
  7.168979318701030E-004  5.105829159572228E-008  0.447242743218782     
 -4.173297666286299E-008  8.146600234879556E-008  7.168824815521088E-004
  3.506274958282230E-007 -9.161034879218016E-011 -1.136922444105408E-010
  3.506704657569521E-007  7.134804234468980E-011  3.506245737448558E-007
   1.69990815647880      -1.212676448469900E-003 -6.788624447578859E-005
 -3.869537038658387E-005  3.736148874799600E-005  6.713561550352544E-007
  2.486518542049359E-007 -2.032068325886953E-007  1.172472533877336E-006
  7.708648206011846E-008  4.233359998403193E-008 -7.117061486521963E-008
 -2.766948463874863E-010 -7.165669474609987E-011  6.080700802492174E-011
  0.447261521818725       6.548614468856193E-005  6.494035778782400E-007
  7.168651745207257E-004  8.932437443773087E-008  2.702940987006464E-008
  0.447253833526091       4.975695524070813E-005  8.642341766846062E-008
  7.168299895908240E-004  9.852007178745917E-008  0.447217580327212     
  4.786372464664738E-008  9.316291535166805E-008  7.168229382188574E-004
  3.505614846471573E-007  9.516483930595058E-011  6.081143272419771E-011
  3.505646467554303E-007  1.314522291089018E-010  3.505887763082263E-007
   1.69988182565069      -1.211945881990615E-003  3.859755396569773E-005
  3.664048963316877E-006  1.410469556116421E-006 -4.218581972106127E-007
 -6.905404871972415E-008  1.200934568152871E-007  1.172300077284790E-006
  3.632073155624729E-008 -1.721139957597492E-008  1.211008404638669E-007
  1.392028950174881E-010  2.363394516954253E-011  9.616364949111992E-011
  0.447145170104175      -1.384130229587457E-004  4.189277523527334E-005
  7.169517921218661E-004 -2.035177532546817E-007  4.268953606850258E-009
  0.447180261559958      -7.283108452448712E-005 -1.553480372558919E-007
  7.169451732600935E-004 -1.028578919092863E-007  0.447196511023160     
  2.053455421546955E-008 -6.284487506135205E-008  7.170630102784990E-004
  3.507062742516146E-007 -1.976192873637423E-010 -1.032475616709773E-011
  3.506731349194401E-007 -8.727158072591838E-011  3.507235123970307E-007
   1.69989036380820      -1.211610095030321E-003  6.987055716415747E-005
 -1.472440293724423E-005 -8.834810526772545E-005 -6.201861036176989E-007
  3.402574821360684E-008  4.964097078542488E-007  1.172502377074289E-006
 -8.161120733133104E-008  9.176534598606885E-008  4.040226417539556E-008
  2.890486292496434E-010  4.750893216094767E-011 -2.204920140803327E-010
  0.447222283374571       6.796375695116843E-005 -3.911511743899496E-005
  7.171058795859242E-004  8.535672716462368E-008  7.874015636766782E-008
  0.447232693675741      -9.477498617563653E-005  6.175508192340280E-008
  7.172319024027733E-004 -7.066957022975047E-008  0.447221434156994     
  5.635983267432379E-009 -6.194410125580073E-008  7.171722900107330E-004
  3.507883691269533E-007  6.599301953314023E-011  7.491359052971786E-011
  3.508561320536753E-007 -5.595455582186530E-011  3.508246192079658E-007
